532478619789165432416923578648239157973541826125786943861357294257894361394612785
185276493967483215243159786736941852829567134451832967374618529598324671612795348
972613485581427639364958271743291856625384917198765342257839164819546723436172598
381724659526139478947685213732891564815467932469253781278346195193572846654918327
423985176867134592159276438514867329396412785782593641635728914241359867978641253
126834597943157268785962314269785143438219675517346982372491856694528731851673429
423781695578469231196325478647538129382197564951246387815673942734952816269814753
453912768278436591169875324734521689621398475985647213542789136397164852816253947
126834597943157268785962314269785143438219675517346982372491856694528731851673429
126834597943157268785962314269785143438219675517346982372491856694528731851673429
